00553
00904
00970
00703
00554
00904
00970
00703
00555
00904
00970
00703
00556
00904
00970
00703
00557
00904
00970
00703
00558
00904
00970
00703
00559
00904
00970
00703
00560
00904
00970
00703
00561
00904
00970
00703
00562
00904
00970
00703
00563
00904
00970
00703
00564
00904
00970
00703
00565
00904
00970
00703
00566
00904
00970
00703
00567
00904
00970
00703
00568
00904
00970
00703
00569
00904
00970
00703
00570
00904
00970
00703
00571
00904
00970
00703
00572
00904
00970
00703
00573
00904
00970
00703
00574
00904
00970
00703
00575
00904
00970
00703
00576
00904
00970
00703
00577
00904
00970
00703
00578
00904
00970
00703
00579
00904
00970
00703
00580
00904
00970
00703
00581
00904
00970
00703
00550
00904
00970
00702
00551
00904
00970
00706
00582
00904
00970
00706
00583
00904
00970
00706
00584
00904
00970
00706
00585
00904
00970
00706
00586
00904
00970
00703
00587
00904
00970
00703
00611
00908
00970
00720
