00500
00904
00970
00704
00501
00904
00970
00704
00502
00904
00970
00704
00503
00904
00970
00704
00504
00904
00970
00704
00505
00904
00970
00704
00506
00904
00970
00704
00507
00904
00970
00704
00508
00904
00970
00704
00509
00904
00970
00704
00510
00904
00970
00704
00511
00904
00970
00704
00512
00904
00970
00704
00513
00904
00970
00704
00514
00904
00970
00704
00515
00904
00970
00704
00516
00904
00970
00704
00517
00904
00970
00704
00518
00904
00970
00704
00519
00904
00970
00704
00520
00904
00970
00704
00521
00904
00970
00704
00522
00904
00970
00704
00523
00904
00970
00704
00524
00904
00970
00704
00525
00904
00970
00704
00526
00904
00970
00704
00527
00904
00970
00704
00528
00904
00970
00704
00529
00904
00970
00704
00530
00904
00970
00704
00531
00904
00970
00704
00532
00904
00970
00704
00533
00904
00970
00704
00534
00904
00970
00704
00535
00904
00970
00704
00536
00904
00970
00704
00537
00904
00970
00704
00538
00904
00970
00704
00539
00904
00970
00704
00540
00904
00970
00704
00541
00904
00970
00704
00542
00904
00970
00704
00543
00904
00970
00704
00544
00904
00970
00704
00545
00904
00970
00704
00546
00904
00970
00704
00547
00904
00970
00704
00548
00904
00970
00704
00549
00904
00970
00704
00552
00904
00970
00703
